Sun: 174.81715631652563 degrees Tropical
Moon: 44.80348083115326 degrees Tropical
Mercury: 200.35769835547748 degrees Tropical
Venus: 215.6858457272669 degrees Tropical
Mars: 129.90568594990796 degrees Tropical
Jupiter: 195.0953878612351 degrees Tropical
Saturn: 190.59719805019418 degrees Tropical
Rahu: 120.14159156969217 degrees Tropical
